[CAEN generate_code] TIMES:
[0.    0.001 0.002 0.003 0.004 0.005 0.006 0.007 0.008 0.009 0.01  0.011
 0.012 0.013 0.014 0.015 0.016 0.017 0.018 0.019 0.02  0.021 0.022 0.023
 0.024 0.025 0.026 0.027 0.028 0.029 0.03  0.031 0.032 0.033 0.034 0.035
 0.036 0.037 0.038 0.039 0.04  0.041 0.042 0.043 0.044 0.045 0.046 0.047
 0.048 0.049 0.05  0.051 0.052 0.053 0.054 0.055 0.056 0.057 0.058 0.059
 0.06  0.061 0.062 0.063 0.064 0.065 0.066 0.067 0.068 0.069 0.07  0.071
 0.072 0.073 0.074 0.075 0.076 0.077 0.078 0.079 0.08  0.081 0.082 0.083
 0.084 0.085 0.086 0.087 0.088 0.089 0.09  0.091 0.092 0.093 0.094 0.095
 0.096 0.097 0.098 0.099 0.1   0.101 0.102 0.103 0.104 0.105 0.106 0.107
 0.108 0.109 0.11  0.111 0.112 0.113 0.114 0.115 0.116 0.117 0.118 0.119
 0.12  0.121 0.122 0.123 0.124 0.125 0.126 0.127 0.128 0.129 0.13  0.131
 0.132 0.133 0.134 0.135 0.136 0.137 0.138 0.139 0.14  0.141 0.142 0.143
 0.144 0.145 0.146 0.147 0.148 0.149 0.15  0.151]
[CAEN generate_code] ANALOG_OUTPUTS:
[(  2.96, 0.134, 0., 5555.55) (  8.88, 0.134, 0., 5555.55)
 ( 14.8 , 0.134, 0., 5555.55) ( 20.72, 0.134, 0., 5555.55)
 ( 26.64, 0.134, 0., 5555.55) ( 32.56, 0.134, 0., 5555.55)
 ( 38.48, 0.134, 0., 5555.55) ( 44.4 , 0.134, 0., 5555.55)
 ( 50.32, 0.134, 0., 5555.55) ( 56.24, 0.134, 0., 5555.55)
 ( 62.16, 0.134, 0., 5555.55) ( 68.08, 0.134, 0., 5555.55)
 ( 74.  , 0.134, 0., 5555.55) ( 79.92, 0.134, 0., 5555.55)
 ( 85.84, 0.134, 0., 5555.55) ( 91.76, 0.134, 0., 5555.55)
 ( 97.68, 0.134, 0., 5555.55) (103.6 , 0.134, 0., 5555.55)
 (109.52, 0.134, 0., 5555.55) (115.44, 0.134, 0., 5555.55)
 (121.36, 0.134, 0., 5555.55) (127.28, 0.134, 0., 5555.55)
 (133.2 , 0.134, 0., 5555.55) (139.12, 0.134, 0., 5555.55)
 (145.04, 0.134, 0., 5555.55) (150.96, 0.134, 0., 5555.55)
 (156.88, 0.134, 0., 5555.55) (162.8 , 0.134, 0., 5555.55)
 (168.72, 0.134, 0., 5555.55) (174.64, 0.134, 0., 5555.55)
 (180.56, 0.134, 0., 5555.55) (186.48, 0.134, 0., 5555.55)
 (192.4 , 0.134, 0., 5555.55) (198.32, 0.134, 0., 5555.55)
 (204.24, 0.134, 0., 5555.55) (210.16, 0.134, 0., 5555.55)
 (216.08, 0.134, 0., 5555.55) (222.  , 0.134, 0., 5555.55)
 (227.92, 0.134, 0., 5555.55) (233.84, 0.134, 0., 5555.55)
 (239.76, 0.134, 0., 5555.55) (245.68, 0.134, 0., 5555.55)
 (251.6 , 0.134, 0., 5555.55) (257.52, 0.134, 0., 5555.55)
 (263.44, 0.134, 0., 5555.55) (269.36, 0.134, 0., 5555.55)
 (275.28, 0.134, 0., 5555.55) (281.2 , 0.134, 0., 5555.55)
 (287.12, 0.134, 0., 5555.55) (293.04, 0.134, 0., 5555.55)
 (298.96, 0.134, 0., 5555.55) (304.88, 0.134, 0., 5555.55)
 (310.8 , 0.134, 0., 5555.55) (316.72, 0.134, 0., 5555.55)
 (322.64, 0.134, 0., 5555.55) (328.56, 0.134, 0., 5555.55)
 (334.48, 0.134, 0., 5555.55) (340.4 , 0.134, 0., 5555.55)
 (346.32, 0.134, 0., 5555.55) (352.24, 0.134, 0., 5555.55)
 (358.16, 0.134, 0., 5555.55) (364.08, 0.134, 0., 5555.55)
 (370.  , 0.134, 0., 5555.55) (375.92, 0.134, 0., 5555.55)
 (381.84, 0.134, 0., 5555.55) (387.76, 0.134, 0., 5555.55)
 (393.68, 0.134, 0., 5555.55) (399.6 , 0.134, 0., 5555.55)
 (405.52, 0.134, 0., 5555.55) (411.44, 0.134, 0., 5555.55)
 (417.36, 0.134, 0., 5555.55) (423.28, 0.134, 0., 5555.55)
 (429.2 , 0.134, 0., 5555.55) (435.12, 0.134, 0., 5555.55)
 (441.04, 0.134, 0., 5555.55) (446.96, 0.134, 0., 5555.55)
 (452.88, 0.134, 0., 5555.55) (458.8 , 0.134, 0., 5555.55)
 (464.72, 0.134, 0., 5555.55) (470.64, 0.134, 0., 5555.55)
 (476.56, 0.134, 0., 5555.55) (482.48, 0.134, 0., 5555.55)
 (488.4 , 0.134, 0., 5555.55) (494.32, 0.134, 0., 5555.55)
 (500.24, 0.134, 0., 5555.55) (506.16, 0.134, 0., 5555.55)
 (512.08, 0.134, 0., 5555.55) (518.  , 0.134, 0., 5555.55)
 (523.92, 0.134, 0., 5555.55) (529.84, 0.134, 0., 5555.55)
 (535.76, 0.134, 0., 5555.55) (541.68, 0.134, 0., 5555.55)
 (547.6 , 0.134, 0., 5555.55) (553.52, 0.134, 0., 5555.55)
 (559.44, 0.134, 0., 5555.55) (565.36, 0.134, 0., 5555.55)
 (571.28, 0.134, 0., 5555.55) (577.2 , 0.134, 0., 5555.55)
 (583.12, 0.134, 0., 5555.55) (589.04, 0.134, 0., 5555.55)
 (594.96, 0.134, 0., 5555.55) (600.88, 0.134, 0., 5555.55)
 (606.8 , 0.134, 0., 5555.55) (612.72, 0.134, 0., 5555.55)
 (618.64, 0.134, 0., 5555.55) (624.56, 0.134, 0., 5555.55)
 (630.48, 0.134, 0., 5555.55) (636.4 , 0.134, 0., 5555.55)
 (642.32, 0.134, 0., 5555.55) (648.24, 0.134, 0., 5555.55)
 (654.16, 0.134, 0., 5555.55) (660.08, 0.134, 0., 5555.55)
 (666.  , 0.134, 0., 5555.55) (671.92, 0.134, 0., 5555.55)
 (677.84, 0.134, 0., 5555.55) (683.76, 0.134, 0., 5555.55)
 (689.68, 0.134, 0., 5555.55) (695.6 , 0.134, 0., 5555.55)
 (701.52, 0.134, 0., 5555.55) (707.44, 0.134, 0., 5555.55)
 (713.36, 0.134, 0., 5555.55) (719.28, 0.134, 0., 5555.55)
 (725.2 , 0.134, 0., 5555.55) (731.12, 0.134, 0., 5555.55)
 (737.04, 0.134, 0., 5555.55) (742.96, 0.134, 0., 5555.55)
 (748.88, 0.134, 0., 5555.55) (754.8 , 0.134, 0., 5555.55)
 (760.72, 0.134, 0., 5555.55) (766.64, 0.134, 0., 5555.55)
 (772.56, 0.134, 0., 5555.55) (778.48, 0.134, 0., 5555.55)
 (784.4 , 0.134, 0., 5555.55) (790.32, 0.134, 0., 5555.55)
 (796.24, 0.134, 0., 5555.55) (802.16, 0.134, 0., 5555.55)
 (808.08, 0.134, 0., 5555.55) (814.  , 0.134, 0., 5555.55)
 (819.92, 0.134, 0., 5555.55) (825.84, 0.134, 0., 5555.55)
 (831.76, 0.134, 0., 5555.55) (837.68, 0.134, 0., 5555.55)
 (843.6 , 0.134, 0., 5555.55) (849.52, 0.134, 0., 5555.55)
 (855.44, 0.134, 0., 5555.55) (861.36, 0.134, 0., 5555.55)
 (867.28, 0.134, 0., 5555.55) (873.2 , 0.134, 0., 5555.55)
 (879.12, 0.134, 0., 5555.55) (885.04, 0.134, 0., 5555.55)
 (888.  , 0.134, 0., 5555.55) (888.  , 0.134, 0., 5555.55)]
